1.421800947867298687e-02 1.560816383567220078e-01
2.412757910862176752e-02 3.618948459211712709e-01
3.403714873857054818e-02 6.128873791297561047e-01
4.394671836851932190e-02 9.075050478507556972e-01
5.385628799846810255e-02 1.245678474695143478e+00
6.376585762841688321e-02 1.615826892544265592e+00
7.367542725836564999e-02 2.003619910970587004e+00
8.358499688831444452e-02 2.453175880769764117e+00
9.349456651826321130e-02 2.924383673231848224e+00
1.034041361482119920e-01 3.344116490173962397e+00
1.133137057781607726e-01 3.662721160146278798e+00
1.232232754081095394e-01 3.960426138990665645e+00
1.331328450380583339e-01 4.316581638239857632e+00
1.430424146680071285e-01 4.709568396677057400e+00
1.529519842979558952e-01 5.010941586950627524e+00
1.628615539279046343e-01 5.251385300959323210e+00
1.727711235578534288e-01 5.481228506221096808e+00
1.826806931878022233e-01 5.740016200506051547e+00
1.925902628177509901e-01 6.034441067801721736e+00
2.024998324476997846e-01 6.336577622914854047e+00
2.124094020776485792e-01 6.620710557667163876e+00
2.223189717075973182e-01 6.865578722298574021e+00
2.322285413375460850e-01 7.053921046923683491e+00
2.421381109674948795e-01 7.177155426649105330e+00
2.520476805974436463e-01 7.242017494847245551e+00
2.619572502273924686e-01 7.274798623522020335e+00
2.718668198573412353e-01 7.302717950841720373e+00
2.817763894872900021e-01 7.348261742900315419e+00
2.916859591172388244e-01 7.428655371892791237e+00
3.015955287471875357e-01 7.546768734791225341e+00
3.115050983771363580e-01 7.694537044468633624e+00
3.214146680070851247e-01 7.862793588515922139e+00
3.313242376370338915e-01 8.043465136370194557e+00
3.412338072669827138e-01 8.229193245487188335e+00
3.511433768969314806e-01 8.413088759053117371e+00
3.610529465268802474e-01 8.588948122274462804e+00
3.709625161568290141e-01 8.754037537501593746e+00
3.808720857867777809e-01 8.907278117043322396e+00
3.907816554167265477e-01 9.047910607217636070e+00
4.006912250466753700e-01 9.177636007080833380e+00
4.106007946766241368e-01 9.298953556487218108e+00
4.205103643065729591e-01 9.414230845543839266e+00
4.304199339365216703e-01 9.525665335420217872e+00
4.403295035664704371e-01 9.634601870254915212e+00
4.502390731964192594e-01 9.741685458080485915e+00
4.601486428263680262e-01 9.847526669717593606e+00
4.700582124563167929e-01 9.952725833419094670e+00
4.799677820862655597e-01 1.005776582689872534e+01
4.898773517162143265e-01 1.016240122017641312e+01
4.997869213461630933e-01 1.026610196306567957e+01
5.096964909761119156e-01 1.036835209522673118e+01
5.196060606060607379e-01 1.046864870215926047e+01
5.295156302360094491e-01 1.056650052488156355e+01
5.394251998659582714e-01 1.066142804626234586e+01
5.493347694959070937e-01 1.075305415101183115e+01
5.592443391258558050e-01 1.084117175008836931e+01
5.691539087558046273e-01 1.092559018307324159e+01
5.790634783857534496e-01 1.100615998370882309e+01
5.889730480157020498e-01 1.108277476934262928e+01
5.988826176456508721e-01 1.115532872054233593e+01
6.087921872755996944e-01 1.122371554744369071e+01
6.187017569055484056e-01 1.128782955046007430e+01
6.286113265354972279e-01 1.134756665275846821e+01
6.385208961654460502e-01 1.140282540402868250e+01
6.484304657953947615e-01 1.145350790626965676e+01
6.583400354253435838e-01 1.149952037420111672e+01
6.682496050552924061e-01 1.154096293135437357e+01
6.781591746852412284e-01 1.157892893093148423e+01
6.880687443151899396e-01 1.161479991499702891e+01
6.979783139451387619e-01 1.164990734359696845e+01
7.078878835750875842e-01 1.168553454170653261e+01
7.177974532050361844e-01 1.172292135000188118e+01
7.277070228349850067e-01 1.176327091819781145e+01
7.376165924649338290e-01 1.180775837015105090e+01
7.475261620948825403e-01 1.185754115250634300e+01
7.574357317248313626e-01 1.191377096609306463e+01
7.673453013547801849e-01 1.197744842721072978e+01
7.772548709847288961e-01 1.204772974974225264e+01
7.871644406146777184e-01 1.212258894637037265e+01
7.970740102446265407e-01 1.219999838941316028e+01
8.069835798745752520e-01 1.227793406471755056e+01
8.168931495045240743e-01 1.235436741842722874e+01
8.268027191344728966e-01 1.242726426548688146e+01
8.367122887644216078e-01 1.249459049468149274e+01
8.466218583943703191e-01 1.255432429945337347e+01
8.565314280243191414e-01 1.260447456728045523e+01
8.664409976542678526e-01 1.264310488551898892e+01
8.763505672842166749e-01 1.266900857114302781e+01
8.862601369141654972e-01 1.268423920005584904e+01
8.961697065441143195e-01 1.269180507372524502e+01
9.060792761740630308e-01 1.269463682788915548e+01
9.159888458040118531e-01 1.269556557965314347e+01
9.258984154339606754e-01 1.269731505674693750e+01
9.358079850639093866e-01 1.270250582255822458e+01
9.457175546938582089e-01 1.271367005571328690e+01
9.556271243238069202e-01 1.273277535081724032e+01
9.655366939537555204e-01 1.275875014373349892e+01
9.754462635837044537e-01 1.278944817881310847e+01
9.853558332136531650e-01 1.282277638746209902e+01
9.952654028436019873e-01 1.285668178763096137e+01
