0.05      2542239143777.427      7512149506834.196      1083608175074.9697      10507858328203.553      4875989287581.199
0.0909      10463174771545.6      21974345973388.95      6076516606951.633      28497244136616.06      15837471968902.266
0.1318      21981095005958.85      40825368287492.664      14269362888779.295      50839984061073.19      30983669880682.715
0.1727      35519100228464.875      61517596352997.44      24296948361720.85      74858362550535.9      48155223434945.055
0.2136      49818356671508.05      82553501045878.62      35264463408692.24      99274943826672.89      65846792810955.74
0.2545      64112168110137.97      102983463657065.23      46566343598327.53      123145859665966.44      83107686873787.22
0.2954      77914086984591.97      122450931542899.62      57845452257322.02      146234723556849.16      99511273839100.84
0.3363      90715868254174.47      140795017995930.56      68180709646880.99      168093151339679.78      114811457274901.9
0.3772      102293976352954.5      157943839271894.34      77743982519077.2      188556103765250.8      129028099344011.17
0.4181      112673750178875.81      174085116562462.5      85843140375769.8      207639179602740.22      142174343938404.7
0.459      121717266328734.45      189218852700311.28      91997209878386.42      226145752596687.5      154008460249401.53
0.5      129585039750963.61      203139620824621.8      96787650222778.1      243232763737436.62      164846420839433.94
0.5409      136189674387116.8      216244225649180.4      100232641915534.67      259401221199799.72      174660831759770.03
0.5818      141310152691330.53      228320456024925.5      102230785531874.94      274684800921455.56      183581329477182.0
0.6227      145643638153526.84      239842126502818.66      103454001939235.58      289311869494506.0      191675029328518.75
0.6636      149043268229560.4      250456802097310.78      103787065762150.02      303578536655930.75      198775555800022.94
0.7045      151446761818500.97      260458228681259.88      103632701838138.06      317275383566278.44      204877388923702.47
0.7454      153137154361708.0      269658605933514.25      103163614120928.95      330282367129642.94      210267212136917.28
0.7863      154174286837880.8      278411186949035.34      102182295207175.64      342326215441980.6      214852634635296.25
0.8272      154613425858518.25      286300623136067.25      101136614875038.86      354395417582501.7      218758556711843.84
0.8681      154691623837072.4      293523973534093.44      99765488109151.62      365654425786843.5      221963347544110.78
0.909      154380542096313.06      300193328258167.75      98157347068495.25      376222217526975.8      224581734459466.6
0.9499      153772880879587.9      306271308254394.4      96591743866392.55      386660416041683.75      226653960496108.03
0.9908      152838054070485.7      311932049344869.5      94677916249027.69      397352657477575.7      228217423006818.97
1.032      151656958477516.94      316960351842736.2      92884943047364.11      406713925542702.06      229162825273253.5
1.073      150185860246627.88      321289210701281.7      91085965200962.17      416155536185618.3      229848492811948.4
1.114      148570767502686.3      325422127440337.7      89128342547365.19      424535530421247.7      230000959359840.25
1.154      147054944957099.78      329381442170035.25      87314891720064.44      433152341964649.75      230324062348736.78
1.195      145234975306138.03      332712765242158.9      85451777439586.5      441059426480892.5      229905121233121.6
1.236      143258745300541.5      335708480069869.25      83457203656517.55      448340920422976.44      229375737663277.16
1.277      141234770930698.7      338262818146579.2      81652408149261.72      456105404699021.4      228468768028716.3
1.318      139214549332796.6      340399267903513.4      79799806950784.69      462938094514911.8      227371751996684.66
1.359      137066815932710.88      342320423517143.4      78049333722768.19      469535867034986.56      226151071903719.6
1.4      134976218773314.86      343979143182230.44      76220569227510.42      475910632651565.2      224712722762759.44
1.441      132898175654326.36      345214919455541.4      74490564241887.28      482073509993024.5      223172927097238.9
1.482      130751860456699.78      346564735164117.9      72787401275627.84      487400827117953.44      221588810910168.44
1.523      128663656040018.06      346616291080807.6      71173451401367.6      492552031347936.2      219819284904262.6
1.563      126757652813563.66      347502850624637.75      69686316091484.17      497929007960318.4      218174335298804.28
1.604      124622400249088.36      348056750902682.5      68141867141410.36      502139804623336.9      216203754545732.0
1.645      122618766300970.84      348045033676165.4      66617449687647.484      506816948648799.44      214259786850064.4
1.686      120595123563432.77      347495782089289.7      65112935905617.375      510753024527375.56      212208666879459.0
1.727      118554482529182.33      347473530656284.1      63655182812731.55      514565085662595.4      210058163746132.7
1.768      116533634571558.73      346932568319373.94      62241680250315.76      517677563426420.06      207943221748329.44
1.809      114598895182977.42      345898365145580.94      60895554085121.81      521265535669860.75      205779385127594.84
1.85      112616009046397.86      345383468558031.9      59563001446975.48      524745618481698.3      203693124683698.7
1.891      110652954127556.52      344391247115325.7      58268216464009.164      527001478161843.75      201440867419986.3
1.932      108801940237888.42      343423311544049.94      57032698485210.734      529739183370998.8      199229476169038.38
1.973      106966169427112.89      342008153253184.25      55807305145726.375      531848212342556.0      197057504703486.62
2.013      105262946095756.28      340878769719383.44      54684480222394.51      534251797038266.9      194963713645722.53
2.054      103483157050279.25      339990107545005.44      53541811500996.38      535696197589921.06      192791190546598.47
