0.05      1700086739438.6628      7217331205704.732      656339487492.2682      10068095972783.357      4614853552382.308
0.1007      11801353562221.574      26385004835803.0      6165825380968.754      34764484246804.617      18689667433741.887
0.1514      29035557413389.844      54819190791592.2      18495366455951.902      69683201316373.33      41085510562073.17
0.2021      50922021200581.48      89401270274697.55      35171453615315.324      111039108818070.69      69082357705152.76
0.2529      75717858260148.53      127290953951438.53      54341341601875.11      155119526038076.9      100213575825703.11
0.3036      102084889258229.17      166070823290264.3      75113456581638.4      199784862052093.3      132577212912914.72
0.3543      129066631554006.98      204074341088847.72      97019632481656.86      243261872651199.38      164958767297243.44
0.405      155958288532201.84      240798157786610.94      119070736802601.98      284492968639501.5      196481618962013.47
0.4557      182161961663441.62      275566787959265.22      141086014172418.3      324380717310893.4      226737465838980.22
0.5064      207268963453353.06      307993282167234.75      162482032544308.84      361779989788790.6      255240780521341.53
0.5571      230968157128714.06      338674081583878.8      183339527141788.72      397206061046645.1      282212140599640.75
0.6079      252842795779285.44      367081847006986.9      202041845576564.88      430120102070555.7      307306264399808.25
0.6586      273085006256531.4      393784021794911.75      219406473321462.3      460931872027222.06      330892642004510.8
0.7093      291375938814208.9      418853476400552.7      234434928154568.78      489374390599330.4      352710545023808.6
0.76      307682605300361.7      442479027950689.3      247124935614602.06      516608057535392.56      372628109012813.1
0.8107      322283207839530.6      464753738090010.1      257480516361747.3      542801022801730.8      391161055938840.0
0.8614      335058815294060.44      485518174149318.75      265440461527451.84      566517256270167.2      408161379141549.5
0.9122      346382280631450.5      505053369464414.25      271838243736962.2      589315173460514.4      423911220013540.2
0.9629      356128625790018.8      523608231761069.1      276573933648928.9      611279234112764.0      438190577058101.4
1.014      363992261609126.44      540685555730078.4      279543233669717.34      631307122863617.4      451017358314239.94
1.064      371004645225611.44      556948889871588.75      281405835525101.5      651104287298715.4      463129539869624.75
1.115      376515711748383.9      572033256356622.9      281612375049452.6      669567245715760.8      473376415439895.4
1.166      380710340628960.1      585729052442068.6      281082244789579.56      687291093561598.1      482926107443251.6
1.216      384371319568226.9      599349809396300.6      280347239692639.0      704878912042955.4      491554963088221.2
1.267      386559048501569.3      611196600818807.5      278391346211612.88      721252988687935.5      498666894452618.4
1.318      387781182586416.3      622554743744825.0      276333801717802.7      737008261422443.4      504763302903122.7
1.369      388288246151545.75      632745170389863.0      273683650127553.66      752179158068470.8      510572101318108.6
1.419      388836295838738.6      642322239730408.9      271075312407444.4      766630484693135.0      515217954018945.7
1.47      387802321116317.56      651721253513900.6      267900244662316.1      779294309932456.1      519230099342940.5
1.521      386782775994118.1      659397194981306.6      264554810293606.2      792209229086820.5      522414173789006.6
1.571      385530640917754.56      667255478990161.9      261290662809616.75      804527414908969.1      525224500907579.2
1.622      383433666681532.9      673674310767437.9      257793618656345.9      816566782687077.6      527497125048212.56
1.673      380856166237503.9      679840408239734.6      254261084307322.16      827512668217529.1      528445212298344.2
1.724      378366076483920.7      685127530844142.1      250467179290300.0      838764441497884.8      529328380330785.6
1.774      375729708552419.1      690048604342165.4      246957679669832.56      848191339046092.9      529953418424057.2
1.825      372385441053526.6      694316613020694.5      242915027198536.66      857423262643603.6      529579122987998.25
1.876      369162361128300.1      697804686643410.4      239137649642117.72      865699333427180.4      529194295386288.56
1.926      365836195943840.06      702216364973575.4      235586222543150.3      874243510905706.6      528613396806585.06
1.977      362363546913777.0      704823956433161.6      231596484557360.72      881983836461366.1      527128082954290.2
2.028      358547000412727.56      707325126491982.0      228177212928621.34      888218669829002.6      526210697262537.75
2.079      354870049820971.44      709146563218608.6      224126854305076.8      894869839684446.1      524255360943331.75
2.129      351120838421496.7      711327281584747.9      220791384371959.84      901222691046322.2      522691619012684.7
2.18      347266342538873.75      712428932391059.1      217064158453263.25      906253401686597.2      520321775401381.9
2.231      343119478956310.44      713477732159947.9      213492408731416.4      911121849005801.0      517518138410950.6
2.281      339348832113291.4      714350594544033.4      209864926875101.16      916348606256614.9      515117244736191.3
2.332      335489377660510.75      714766035934296.4      206582547736845.3      920325657009456.6      511983500289612.4
2.383      331361271675637.3      714620540340366.2      203096856531388.1      924176143219602.1      508941471903461.4
2.434      327379702053474.1      714463533290339.6      199750841400708.8      926763739717898.2      505987789712941.5
2.484      323352576524843.44      714177946589275.5      196667612927535.78      930886395501785.9      502500683066958.56
2.535      319646359455087.9      713493172700086.8      193263316136315.03      932726606784156.5      499273067356648.0
