0.05      2791424898770.969      6537726116609.516      1469731874293.1538      8675478594485.848      4580312546485.107
0.08729      9471305539997.293      17327366141591.135      6301768697570.133      21714184289098.09      13184152087083.377
0.1246      18239944660330.223      30659607912737.684      12936039797338.135      37309859987506.85      24214785459219.28
0.1619      27824990269533.67      44689213774189.18      20371694074261.71      53362788027759.77      35948927855206.99
0.1992      37482133931570.5      58237603789584.016      28120507165382.98      68940822336712.64      47466939468214.9
0.2364      46697362897240.75      70842730239699.94      35863832138102.66      83647493602128.45      58285669225239.984
0.2737      55198930465013.77      82377695704087.34      43077267918334.586      97118512421001.9      68144909111414.086
0.311      62778821838741.16      92811234753544.84      49346736501109.195      109493861411074.03      77138281045612.94
0.3483      69301903084353.21      102416638005766.88      54610437836103.9      120523951317386.22      85208256685053.16
0.3856      74846028425152.08      111024739088809.55      58660144454873.31      130829283017962.62      92362796052197.78
0.4229      79655260518955.5      118885209658888.84      61722539213339.61      140142285301620.55      98685789940350.75
0.4602      83433602446084.94      125985084782869.9      63830204093778.16      148872295424725.94      104174931553761.28
0.4975      86418048615487.83      132388873803558.88      65083606514084.64      156747853830797.44      108978034649690.45
0.5348      88613745039232.3      138231290798899.44      65703740866720.09      164072508893667.47      113081551200209.11
0.5721      90296700203287.52      143484170899483.53      65761964798309.58      170969878456603.16      116544777210384.53
0.6093      91338520286041.22      148293067042739.06      65455438086287.125      177350937793683.2      119513022379206.98
0.6466      91955942728582.88      152573579318694.9      64858379349345.38      183426280540042.3      121850262263099.58
0.6839      92145765722548.08      156389106959832.2      64183226564869.484      188952586403167.9      123694571700211.95
0.7212      91949944252227.8      159774597134511.22      63125299074626.01      194403266421822.0      125151557298314.06
0.7585      91521566235319.78      162761865620182.2      61933143975100.445      199361530610984.62      126253517972803.1
0.7958      90940088968556.28      165247317223205.0      60770651623089.07      203999659448861.9      126968277488459.77
0.8331      90167902583844.4      167525526904306.44      59590340377721.61      208271025018625.1      127327416558472.27
0.8704      89224597621984.69      169485324858468.97      58261843507570.96      212064343547274.2      127418405076212.25
0.9077      88127920254758.73      170962437798044.47      56976942688854.57      215873279721819.6      127320331622054.9
0.945      86893984342008.14      172293580872056.66      55691616246005.38      219243923006978.12      126938309783092.58
0.9822      85691845901905.45      173333336982323.84      54376727087978.34      222293143671071.7      126420856228180.48
1.02      84343102259149.16      174180606686353.53      53018788245126.85      224978602740514.94      125660614374234.77
1.057      83028564580639.22      174750850526093.94      51772177784289.13      227628255036709.47      124857945530738.33
1.094      81697511184653.89      175229291434699.0      50530007024160.234      230100642102683.94      123987742555194.56
1.131      80311278135952.94      175458208782798.0      49328136972529.83      232286750566850.78      123056083541228.62
1.169      78852772871959.72      175356413177875.72      48063636631641.54      234003730419224.75      121822338446195.34
1.206      77493955628337.06      175345392930325.3      46843355801707.9      235665718217484.22      120652065309868.92
1.243      76090610904846.97      175070145205964.84      45755894202863.62      237085964671326.06      119487140735056.9
1.281      74628981361228.4      174455891313684.62      44611498160949.305      238197401718932.28      118058231234649.22
1.318      73296327558678.89      173999045507307.2      43501917393292.914      239227837887376.53      116741683290507.58
1.355      71890713479086.55      173457982583140.75      42425897068107.54      240213322475547.66      115398113185894.73
1.392      70588073424992.55      172838225107523.66      41408598755027.63      240997596682485.84      114030382227303.67
1.43      69203312604469.625      171875928912979.8      40397114682052.625      241617990686752.5      112597968549109.92
1.467      67931464165701.83      171073988531290.56      39461469279674.305      242080926808625.53      111152657548597.97
1.504      66657715625246.25      170209398641986.34      38549645113959.44      242320141386937.6      109729998370711.16
1.542      65312390842292.55      169121429645598.1      37594126043359.03      242520468154899.4      108180800954819.61
1.579      64099474166321.3      167976085345925.72      36729092132607.586      242391428890025.7      106769483077645.0
1.616      62913248058152.23      166953849018969.38      35862269829746.26      242453386951466.66      105345128479416.7
1.653      61724909673278.21      165842515554924.44      35038048330607.734      242366926031353.3      103909444142994.4
1.691      60501267999813.33      164537447232656.34      34196606098708.457      241836943779040.97      102331735555447.19
1.728      59392032564354.78      163424859173918.84      33430949780416.215      241388642752669.9      100947103811954.61
1.765      58254129730533.05      162271534540223.03      32701114360340.344      240995529900009.9      99584437564417.06
1.803      57135064565716.445      160939506298993.62      31953692019608.3      240411777864242.28      98090227367427.08
1.84      56093463664389.24      159640963823933.78      31271859945867.734      239908146664451.78      96742743066538.44
1.877      55071624553029.79      158311899812874.7      30565878752654.5      239288031518453.03      95416306407908.61
