0.05      1097148473258.6047      6484137994808.392      523592361200.1611      8413509095579.995      4527143781416.952
0.1098      12044264558683.3      27404452737907.89      6735157799220.032      34160192064297.707      20355362742147.094
0.1696      34888471080458.617      58634126208824.93      23508980361697.285      70613456809115.56      46693656992125.44
0.2294      64259155798852.266      97905557350821.27      48621010825941.6      115402249865679.03      80668154220814.08
0.2891      97187273944923.14      142359801166405.56      77007732931106.11      166356241853389.62      119182093413320.95
0.3489      131689084557709.17      189181573086746.6      106634629874375.23      220485136358836.38      159374392871060.25
0.4087      166554486080870.44      236411610439622.53      136522610220901.72      274775805014120.25      199683894172605.6
0.4685      200613654720780.72      282571583489590.7      166361352871043.75      327187219533424.25      239107022120523.84
0.5283      233591609834524.2      326405233327414.75      195352219943542.84      377189702229766.9      276932055386471.44
0.5881      264964571108598.84      367845257772553.0      222648092215942.88      424442982851365.9      312813802072732.7
0.6479      294228003868896.7      406557727419693.94      247765002498502.72      468435057170155.75      346584663154933.44
0.7077      321306809147976.6      442647055427034.7      271033162269597.34      510071016550598.9      378161721261849.9
0.7674      346166085474249.6      476424359424929.0      291556294785014.56      548530384104566.4      407587306768159.9
0.8272      368573492220962.4      507619446233524.1      309306198729338.1      584580752602108.2      434604001514189.9
0.887      388733370773946.1      536768918306626.25      324213573393074.8      618085904023759.6      459571763426709.0
0.9468      406495124704680.9      563682821858578.5      336332784728675.2      648200347771879.4      482077418772024.7
1.007      421922092492347.2      588527831319301.9      345856874508461.7      677497682023740.9      502547651622687.4
1.066      435763270087897.6      612813954442851.6      353624486396379.25      705343514947074.2      521483855055071.2
1.126      446937547451918.0      634688626381657.5      359394655575512.2      732187993966510.1      538714458690558.44
1.186      456577811528438.75      654788312724829.8      363530240884765.2      757079294061650.9      553622398724346.44
1.246      464101361078154.06      673216210803207.9      366350800007287.3      780899570960464.0      567066837554647.8
1.306      470522922460942.44      690808205475708.4      367582185546571.4      803716491506636.6      579138978329998.0
1.365      476326578294303.9      707430861018829.8      368297121248398.56      824681471937829.2      589701642298837.4
1.425      479472718602145.06      722088019788204.5      368125176751105.8      845694654687492.1      598601324292593.2
1.485      481784982426922.8      735398201752740.2      366407604371463.4      864406311866329.2      606388950866009.1
1.545      483322511790382.06      748130597502063.5      364174418990105.56      883097716130420.5      612472130574852.0
1.604      483915576857682.6      760168762472989.2      362324145004344.7      901668531511487.4      618703480380704.2
1.664      484069270837919.5      769836693396296.0      359166585653064.0      918253454117582.8      622912987080722.5
1.724      483022131804510.8      779089672371526.2      356140715510972.06      933518885998175.8      626278135147351.6
1.784      481421230591606.94      787300300093745.5      352730124316899.3      947527278694663.4      629462960739580.9
1.844      479306352624265.94      794522884139217.4      348967831110399.44      961692269411893.8      631277520365660.9
1.903      477054222618214.5      801318300858077.5      345144707717818.8      974599815401654.8      632816369947017.9
1.963      474540177564896.06      807333391599985.5      340760272005946.94      986466742226370.1      632683953655703.6
2.023      471075466612426.2      811871793694635.6      336109354482793.2      997258852959541.1      633091136157478.5
2.083      467736081106346.2      816214156304474.9      331664065398614.8      1008308667729514.1      632335524414329.8
2.143      463527991710652.25      819778088897118.8      327412680989297.75      1017076163004575.9      631031608476656.5
2.202      460261261226681.5      823669280877510.2      322715156507614.3      1026102006516546.2      630138635222930.5
2.262      455870063482583.1      826352177005933.8      318003265657712.2      1034257506003355.8      627816552781175.2
2.322      451180492742004.5      827781650912198.8      313494166355618.2      1041523681634285.9      625556955725938.5
2.382      446667379092097.94      829135544084833.4      309176330500111.94      1047938701791596.4      622341212877499.1
2.441      442149563244713.0      830325065606124.4      304464582184417.3      1054682852499763.4      619581324378967.2
2.501      437533035747893.56      830461870833363.9      299758594726533.6      1060074976377501.9      616548645624935.4
2.561      433086635830869.3      831104384168047.5      295248752065135.8      1065282296294978.1      612644006691240.8
2.621      427971380433591.1      830654653410510.6      290566489407518.06      1069743890508248.1      608861323292138.5
2.681      423044795175812.4      830198445827019.6      286425257547230.25      1074053365001517.5      605195814099784.8
2.74      418136544043099.7      829651615799989.1      281934203351112.6      1077631407721008.0      601511383707818.4
2.8      413172567493251.7      828184275859301.9      277458750381036.97      1080022279663779.6      597173425171995.8
2.86      408386992327355.06      826744474260264.4      273161167456362.44      1081782949467081.8      592531684992204.2
2.92      403397491007941.5      824845059666168.6      268714254242504.06      1084541855684764.5      588035417096444.1
2.98      398218842034530.9      822507606675055.9      264441242727058.62      1086679808963483.0      583678597955917.2
