0.05      1812460282873.663      7225031033703.573      768279820205.9856      9804559703399.475      4723283358156.376
0.09767      11285092675825.693      24279650014537.363      6249801198004.362      31142138028626.188      17630343211760.37
0.1453      26973815208492.477      48299284630932.37      17905858539723.832      59758120174749.586      37323882437796.086
0.193      46356860033498.164      76760091502994.83      33093223064016.24      92695437357323.22      61231541671348.01
0.2407      67707043575436.805      107429535590567.81      50102485264413.19      127844801865849.25      87153895770623.34
0.2884      89718704621646.84      138561028100636.66      67735564109369.79      163736262132920.3      113441895550265.95
0.336      111478316242926.78      169096200596503.2      85816019145623.7      199386831963692.0      139260139993046.03
0.3837      132520522731871.06      198374615195012.7      103568161820388.19      233558377683391.28      164049970047344.8
0.4314      152375967336161.84      226012831794755.62      120273434018496.33      266411499772367.03      187429973484361.97
0.479      170604270268348.56      252090394772528.84      135500175294680.5      297381899630016.8      209385578350269.2
0.5267      187524966401583.8      276397989894697.44      149085524580161.0      326255777181418.7      229802667368758.34
0.5744      202788083834273.06      299435133750404.06      160948764457346.6      353726767423508.06      248743432965954.62
0.6221      216197723039345.22      320619207445613.75      170315974326766.7      379372065605827.4      265986597628253.16
0.6697      228226098829289.53      340190494940253.94      178134391804346.88      403518338636889.7      282006911576519.44
0.7174      238606870409693.47      358666481705712.75      183970599861970.7      426001701423117.75      296582011167923.44
0.7651      247484193361381.84      375998953171509.94      188425717913125.6      446457539721914.6      309919677130510.06
0.8128      254816781086087.28      392102269083811.8      191476704985323.75      466316347420366.75      321871064261180.1
0.8604      260959194799485.25      407095328490082.9      193332800244193.72      485675324444103.75      332789079714065.44
0.9081      265933569673109.8      421117010479551.1      194367842256162.06      503354074221133.8      342369703684053.94
0.9558      269990538705467.8      434344628273660.7      194240009941607.62      520517537275448.3      350804110365302.25
1.003      273151946627203.66      446519632173342.25      193841697040100.47      536745457805355.94      358568511278938.75
1.051      274954552480619.94      457659423673194.06      192658423227071.28      551068023201380.2      364871366625681.2
1.099      276180013048935.62      467791609536917.9      191345072581137.06      565558465568288.6      370365008618948.25
1.146      277043430722160.62      478060773729302.2      189691642292788.5      579970525099263.6      375471385161204.56
1.194      277056848901119.34      486329327103768.6      187464457039768.7      594080605596933.5      379358949695893.06
1.242      276563892845999.16      494236095755992.9      185029976993862.88      606921789732058.4      382650199655260.7
1.289      275763483160268.0      502238549913902.1      182862931123155.28      618329711403618.6      385355336464896.5
1.337      274593756911976.53      508129933404493.0      180309585651557.16      630245471708891.0      387188321961412.4
1.385      273014290014373.84      514432753990038.44      177498521554999.47      641727266471602.9      388296979729218.5
1.432      271367076663106.22      519584246375197.3      175099413388701.06      652600865126059.1      389248375792852.75
1.48      269210334545648.03      524750614404061.9      172415353903915.78      663290471684953.1      389801195394511.1
1.528      266981929253126.8      528430290907483.5      169422905116100.78      671568774053892.0      389724938588059.25
1.576      264387084958625.66      531322926590620.56      166663512544671.1      680891831111343.0      389057632644772.1
1.623      262027893983391.6      535110576977809.5      163984589283524.28      688400354176794.4      388712810101660.75
1.671      259103661927000.6      537129242582530.5      160919216175936.97      696472818606707.6      387501534632453.7
1.719      256251155101677.0      539652247301348.2      158119684532753.78      703627955951912.8      385780146387348.5
1.766      253541551742826.7      541282299412492.06      155552894451290.44      710387032631103.8      384406941498726.7
1.814      250463609121403.5      542450905996117.2      152746378302341.03      717076795629222.8      382777248047013.0
1.862      247334653309634.16      543560490547043.9      149853927599241.62      722302991055393.5      380685911917881.94
1.909      244311337040985.22      544429607714984.0      147184611850728.53      728440649774671.8      378441099579117.3
1.957      241050411685438.6      544882551000607.75      144480286683926.34      733310953769503.5      375991282257324.3
2.005      237918967439168.88      544758904207069.0      141731638985905.5      737422215691486.6      373620005686626.3
2.052      235087852216853.94      544447202192757.25      139217786608469.62      742450681686473.6      371115920477149.75
2.1      231801110074273.06      544304226570899.9      136641376591344.45      746283734021843.2      367970916987427.25
2.148      228642161136778.72      543631228395263.56      133993112007713.64      749993251062743.0      365383261103309.25
2.195      225395151464366.1      542798112217014.0      131410774116543.5      753463857353640.2      362233808550108.25
2.243      222475916100467.5      541638485086477.2      129015904184574.25      756382422083777.4      359381891960187.7
2.291      219309735278911.62      540005053778834.6      126636607400884.88      759207516610539.1      356192536445797.44
2.338      216411748653544.94      539229239873319.0      124336151548632.77      761830092028441.1      353336204884138.2
2.386      213473039373080.47      537176334841020.06      122014437955922.14      763939818158644.1      349930424360409.5
