0.05      1691873862331.9219      6419102059808.897      617475554605.7152      8801733440103.604      4248211331849.5137
0.1009      11156200660725.383      23493919305366.746      5787225084012.112      30378248446898.883      17163989200613.686
0.1518      26759407139068.4      48482196133327.02      17247416061383.506      60760502752495.17      37237206687282.516
0.2028      46207468502986.625      78434161125285.52      32458708791773.223      96559139685596.7      61556177787690.91
0.2537      67681291473086.3      110658902807638.28      49484467586125.26      134149873330946.31      87975800009521.38
0.3046      90106943992320.95      143116985483068.78      67539724826924.65      171754481842125.28      115040686082655.12
0.3555      112544315477932.77      174661630771063.06      85963635694000.77      208679462703404.22      141708132150176.34
0.4065      134045846516156.3      204777225890733.72      104027799168902.14      244480340384336.78      167282673551226.25
0.4574      154615773121793.97      233231109837589.62      121381311448150.25      277823322732764.03      191436370470307.66
0.5083      173605322038529.1      259966143921369.25      136765764711204.64      309741916177540.44      214195282202354.88
0.5592      191149440690480.2      285207328553054.94      150490382414567.66      339478567311577.4      235518293498906.66
0.6101      206974277698863.16      308651155722283.9      162015331846187.9      367265009716671.9      255031549955754.44
0.6611      221024305067965.94      330551672596407.06      171558405567687.16      393186234990211.1      273154036505914.34
0.712      233491753785968.7      351179753467111.44      179329635651691.75      417788340383383.7      289822557981072.1
0.7629      244390317070799.12      370347397104838.5      184820878047304.5      441542019499767.4      305264402937138.7
0.8138      253396310609296.6      388311635091179.5      188356211291407.44      463030654853153.7      319107243187975.4
0.8648      260897427880105.78      405425938345424.25      190737923528665.12      483062267778407.44      331871157679537.7
0.9157      267205513028889.06      421448921262027.0      192056158925713.56      503263289593284.8      343334401420792.06
0.9666      272242233605263.6      436409899735970.6      192632503451396.84      522100562793594.44      353181831128461.8
1.018      276010969910101.84      449854095153659.44      191935956101633.94      540262037876177.2      361895809428486.25
1.068      279056898072046.25      463360551506928.25      191340583616413.25      557264114848548.06      370120174181825.06
1.119      280971340355432.53      474889223887055.3      189851208421313.62      573069564745782.1      377009069687449.06
1.17      282129890449127.5      485466302583026.8      188043560351004.03      588218649494084.0      383071305004377.94
1.221      282408651267081.8      495711274871456.1      185738202059752.12      603491062496057.9      388293565149679.0
1.272      282169869145224.94      505509656342554.1      183396070635270.1      616704743259302.1      392598747316311.0
1.323      281511891124657.0      514205757446325.2      181024327221266.78      629392969138044.9      396107401097173.44
1.374      280411883348967.97      521857532259364.44      178290945898552.94      641586471858725.6      398994132167479.2
1.425      278795142121072.06      529182492522782.8      175653482756986.34      653313632486134.0      401420694001451.8
1.476      277236366568033.9      535548678170655.25      172743549654565.75      663909979669052.6      402514784022364.8
1.527      275316722739510.22      541005443765327.3      169677012069553.1      674790421512097.8      403534953114906.06
1.578      273064526252879.25      546231352186158.2      166642106595259.56      684604985037015.9      404487994067719.2
1.629      270605313568969.3      550618811669481.25      163680860096556.0      694064736273729.0      404813273352913.5
1.68      267956308840550.8      554822238423226.6      160629507906271.88      702533899353050.6      404548726850093.06
1.73      265403398783903.44      558657334145404.0      157641505639343.1      711190712274333.8      404045222490108.2
1.781      262505945041771.56      561937239995704.56      154588081574157.1      718432612213161.4      403234386727092.25
1.832      259413761756795.0      564498247104957.1      151576643774173.28      726049730206850.4      401914429453587.9
1.883      256406264617362.72      566375703644536.0      148535400638389.88      732788424674739.2      400629770555746.0
1.934      253094096201618.9      568169015664075.1      145608317038703.38      738685645174256.0      398876044309479.9
1.985      249919052368811.6      569326697804343.5      142822260688357.7      744986667169272.1      396681500170505.44
2.036      246465565479369.6      570427852886951.6      140168156685790.86      749886626965004.0      394557127488350.2
2.087      243552185830086.8      571476356434234.9      137446904603633.11      755799516275416.1      392500242574803.44
2.138      239975906353741.97      571944250171283.4      134820860472302.94      759778572351032.0      390042229488171.25
2.189      236924791903983.4      571859136567768.1      132194452047415.25      764197374449153.1      387206977644787.8
2.24      233622186933680.84      571762482948218.0      129686976980837.78      767906449909763.2      384465395720279.75
2.291      230087122472218.03      571148538602139.6      127262691588101.47      770934190033055.8      381813462477298.5
2.341      227202186492982.3      570886014495056.2      124896774731320.56      774302673900765.0      379059812573845.06
2.392      223926838520940.78      570280484533501.8      122571312369746.0      776582264472475.6      376154849844461.4
2.443      220777514699449.53      568713419287959.1      120292860005719.34      778783942349607.4      372928135010529.0
2.494      217416293969007.06      567183408554825.2      118085277134119.17      780911611741589.1      369806621269782.0
2.545      214506968640403.97      565689525359289.0      115944925873671.28      782443601856553.8      366785712016660.44
