0.05      1246882556579.2368      7943852815273.471      539875756487.20465      10527418058480.281      5386387049270.753
0.1126      15000052862760.828      36025396005289.78      7811222442222.064      45836304608269.766      26181875792553.26
0.1753      44673677397851.766      79849457814623.34      28480633803442.02      98328785277722.66      62058812690970.8
0.2379      84529513738130.47      136325137550910.1      60742622161601.19      164872132603839.84      109663710314655.2
0.3005      130821503158548.2      202252597688276.66      99072505655737.17      242011012667700.7      165088857031998.9
0.3632      180612952710309.62      273500445498090.88      140262207669667.33      325474924317708.2      224768485332064.94
0.4258      232145657688566.53      347323810888070.44      183118281150444.6      410590366370827.3      286184230478940.8
0.4884      284161344845937.56      420835203220353.9      227093361859086.94      496057116414344.0      347331522424659.44
0.5511      335327451536829.94      492483348609291.2      270865742862220.34      579444801057642.2      407595336128015.0
0.6137      385257518217511.6      561627907830767.9      313516983241850.6      660480422930438.2      466051600782188.2
0.6763      433109154188432.4      626957118029043.0      354309748167303.75      738740472877630.6      522027802796134.1
0.739      478568759115964.9      689251205707261.5      392937942372954.4      812689550197518.6      575558334279548.5
0.8016      521134842123209.4      748894256135013.1      428660108080580.8      883836130482717.8      626565656288658.2
0.8642      560771660378343.3      805199268915307.5      460163309131416.0      950481342864438.9      674471625420406.0
0.9269      597102911083430.4      857401941882136.8      487874231529928.4      1012751340779723.2      719473576059844.9
0.9895      630985918385397.8      907550811977226.6      512182886701293.9      1071860351839970.0      761764170007357.2
1.052      661768419705756.4      955777104651963.5      532833941611322.06      1127969375405085.2      801498270778460.9
1.115      688492872531435.9      1000086654344548.2      549300607403402.44      1181631489750699.5      838437235029687.8
1.177      712982189098015.5      1044208731987418.9      563142979840390.2      1232401827126980.2      872857703277391.2
1.24      734255805443451.2      1085137300170979.9      573579380789881.5      1279723521855684.0      905230910010669.2
1.303      753025919937500.4      1122881784902969.0      582708124826314.4      1325335515853261.2      933911126196954.4
1.365      770003021939493.6      1159943812990020.0      589004454616685.1      1369316775850945.0      962069656034026.2
1.428      783442580740664.8      1194122621345717.0      593772618224276.8      1411792894349701.8      986150241712824.4
1.491      794796959490920.6      1227045725342658.8      596900154697320.1      1451996910262659.2      1008486793878957.6
1.553      804745271616944.1      1258757596287464.5      598297900282379.1      1491677260164101.2      1029085261577591.2
1.616      812271216088946.9      1287063163418953.5      597838037995476.8      1529222959470124.5      1047469253765797.8
1.678      818596272834106.2      1313590428073825.2      597766933657819.5      1567178156958320.2      1064315935081970.1
1.741      822714318540583.2      1339186902480493.2      595378037266702.8      1602310600176066.5      1078404741350344.9
1.804      825934820036828.6      1363144316580462.8      591843712432211.4      1637099571427509.0      1091207046338789.0
1.866      828840432025406.6      1385559844339612.8      588237464395538.2      1670133435841884.2      1102740781316716.6
1.929      829783505170127.4      1405731226477475.8      583775203092940.1      1702065434039977.5      1111792408472308.0
1.992      828758927935081.6      1425205064632848.0      579466981438550.2      1731521522160804.2      1119781320075850.0
2.054      828216578805784.2      1444061874190124.5      574045788213026.0      1761691261893654.5      1126726983918014.0
2.117      825948286713888.6      1459440872159236.0      568455134145760.2      1789385963871441.2      1132751942846533.5
2.18      822536602371109.2      1474288550863752.8      563072476615134.2      1816261659598068.5      1136570912958918.0
2.242      819680422363526.8      1488691037843134.0      556705865802331.25      1841773836326033.2      1140812605173489.5
2.305      815853630857284.4      1501204862587667.0      550739149633892.44      1866414702312111.2      1143001938132501.2
2.367      812027100754463.6      1512692428557028.5      544350547769101.5      1892631379609546.5      1145042489574571.8
2.43      806760794649700.1      1522408930964488.5      537403889287663.5      1915176660995552.0      1146379599158992.2
2.493      801114836781585.5      1531137570772582.2      530723168394126.6      1936395214857620.0      1146424693563513.2
2.555      796069212273308.5      1540282226589857.5      524142321829160.3      1955814587614627.0      1146403658888645.5
2.618      790235032278709.9      1546504857892659.2      516619937301270.5      1973848775727566.2      1145193622690005.5
2.681      784072557667422.6      1553130732874021.0      510256563272773.94      1993400141736231.0      1142832188559909.0
2.743      778004778925653.0      1558983561290808.8      503553914387104.56      2010604541795776.8      1140487438613021.2
2.806      770750634157221.0      1563329303359933.5      496409142146271.75      2027170076863402.2      1137081441196522.2
2.869      764206876055371.6      1568118938748265.8      489530653425139.8      2040674735108751.5      1133744620620455.8
2.931      757771369665131.1      1571022773880042.5      483160862849794.7      2055284208158970.8      1129918842028419.2
2.994      750238907816556.5      1573730832509208.8      476378801770983.2      2069966056929421.0      1125129973137816.2
3.056      743303539580350.6      1575824746847036.2      470084485902025.4      2085089157728945.2      1120961040585096.8
3.119      736229200122021.9      1577749170209210.8      463027004226612.94      2097757844004727.0      1115356695102490.5
