0.05      1621538292042.5183      8413509095579.995      603151387155.7198      11860082790118.902      5382606610077.757
0.0959      10802533261597.105      27772452005168.758      5024073427007.564      37096311463231.87      19327644907611.277
0.1418      27412330041248.5      55126409622953.9      15820501945219.95      70748420901989.9      40819445594262.71
0.1877      49088444253708.38      88138567814937.1      32423760389252.047      109370285236611.05      67741252110663.234
0.2336      74270818652277.77      124262165105364.27      52424904024054.586      150615019090407.8      98198659586927.12
0.2795      101407801750842.25      161991566042068.28      74389268315922.44      193102535487980.62      130680002903375.75
0.3254      129485391480065.3      200088727515293.44      97438980036911.25      236350970143314.12      163720356453238.6
0.3713      157577670377245.53      237710141709428.75      120634028154564.16      279030210342598.1      196481175907576.22
0.4172      184960978401888.97      274489029429923.78      143771097437242.66      320770636195124.6      228324337209712.88
0.4631      211283042011927.53      309971480412638.44      166065509234866.12      361205394393823.1      258985920599505.75
0.509      236288455807232.16      344165214129595.25      187095299808864.8      401258991758922.2      288206749445821.06
0.5549      259559491519206.38      376893278333065.4      206867247399846.03      439632557393445.9      315821344699875.75
0.6009      280911021454514.16      407935374103358.94      224060276531380.66      477275035793820.25      342059407164166.0
0.6468      300607416144953.8      437473351136517.4      239515861157306.5      513003168966747.9      366573943968893.1
0.6927      318792731819764.25      465809914096302.6      252370019103053.06      547751038940331.75      389674837708021.3
0.7386      334910363489946.9      492930679374812.1      263464817866148.44      579733819967792.2      411359422295723.75
0.7845      349627681025562.2      518223389675919.0      272833741644134.0      610717781810596.2      431292957200456.75
0.8304      362790883225870.7      542784183563237.94      279696173613169.66      641366156719376.6      449971765149210.4
0.8763      374409585139842.4      565494935894956.9      285441316390940.9      669148410103305.5      467464008162076.25
0.9222      384341968541908.25      587261716008688.9      289718819518529.2      696798386278545.2      483435898227377.94
0.9681      393053323625762.4      608461268506967.0      292626504667033.2      721824431813802.2      498119397942039.5
1.014      400173409488904.4      627276802297664.4      295005409911785.7      747647706556460.4      511656835084308.56
1.06      406110286174347.25      646138733537740.6      295665610196673.5      770910350631587.2      523600340989113.06
1.106      411041674589037.7      663537147038746.8      295861480206505.06      793392368811807.8      534824386079679.44
1.152      414887233118404.6      680313026897993.2      295438403798153.9      815132403518294.4      544848679608743.0
1.198      417914696512341.94      695729529819914.5      294070615369107.1      836166588463617.1      554463256281685.0
1.244      420306697350428.94      709843729896707.8      292311453273119.3      855738172745249.1      561528493315232.56
1.289      422023787597890.94      723269003654125.4      290361966826599.9      875317829892568.2      569477692775564.0
1.335      422808365080424.56      736425639650485.8      287848836894215.75      894447084304694.5      575245016682409.5
1.381      422892018493576.44      747666435624553.1      285146442211884.2      911458199650382.9      581458139215608.6
1.427      422316934075156.0      758517008733575.5      282271526879463.2      927942877909297.5      586060491043314.5
1.473      421733051409307.7      768280389204233.0      279132207052740.53      944677067712061.1      589796793626859.0
1.519      420545002880286.9      777709114066123.6      275593353549771.47      960172065848217.2      592708964829217.5
1.565      419376298315495.25      786120267173892.6      272248528691473.66      975208708698407.0      595487343198925.5
1.611      417075993401064.06      793554791230678.4      268787977108751.84      989807037641843.9      597500150579752.4
1.657      414840337173195.7      800734837634219.2      265222759631854.6      1001819269760879.5      598784210963983.0
1.703      412113953530494.75      806998664016300.6      261515604592698.1      1014188218828353.0      599995995685118.5
1.748      409786863647497.4      814253032500031.6      258220235827131.06      1026127607383413.0      600957019777867.4
1.794      407216693031857.3      819430258436701.0      254524605031123.7      1037803754094935.9      601440660542064.2
1.84      403677846472908.9      824430740975372.5      250931981327579.5      1049152484013360.6      600696927350429.0
1.886      400766557552168.25      828620607461725.1      247524394419674.16      1059500725566880.5      600537158924968.9
1.932      397442614133282.1      832666378164079.9      243699831672077.34      1068881921477654.2      599209253819230.4
1.978      393730999708496.3      835948151852879.8      240025987599830.0      1077328460419392.2      597901576974135.6
2.024      390139878063791.0      838495559136282.5      236495134540186.06      1086869266045115.0      596614707941782.6
2.07      386189218855131.8      840948952201169.8      232705725844694.38      1094177908005395.0      594799248241146.9
2.116      382367253622412.1      843313350502260.8      229448118844961.4      1102586914368347.2      593021749618965.5
2.162      378668640680286.7      844996377460664.6      225558976295170.56      1110127438649636.5      590748488676875.5
2.207      375340603341392.6      846515172915999.1      222347247397343.7      1117434792983402.0      588895603150203.0
2.253      371427115422878.94      847489896308360.4      219096361831833.9      1123317243686323.2      586203515538201.0
2.299      367206066393270.44      847844291461274.6      215612356114866.78      1129039180600040.0      583067886840815.2
