0.05      621398162662.0195      4707379806049.619      246809370342.8588      6251913757964.438      3187135522368.7905
0.1019      6037317507017.931      17562311981944.225      2787001463123.187      22527735603580.71      12554733316356.984
0.1538      18224004251668.48      36624647733265.52      10038246399125.123      45473785858672.375      27726154687263.805
0.2058      34826200890065.98      60654861770792.96      22642274747539.59      74029566221564.86      47569783578878.25
0.2577      54204622168820.3      88397896762460.36      38615672681767.26      107229710733204.67      70712899606387.94
0.3096      75219228230342.38      118575970015544.81      56072250777267.63      143609814882851.44      95990476642570.7
0.3615      96949912818540.27      149924456118166.03      73883407407000.69      181127649483327.7      122112876837707.88
0.4135      118759587912405.11      181955041380665.78      91908423802882.9      219289910714922.06      148435989693478.3
0.4654      140275747941693.34      213663930163424.9      109692535741065.12      256276275969783.2      174243787885277.72
0.5173      160992684717382.0      244425867635117.9      126976204087304.55      292619005244168.2      199438639061311.1
0.5692      181081119210174.84      273747266530136.1      143831101763186.4      327626868003032.94      223614838592461.22
0.6212      200198567493321.94      301702275562449.8      159402612262206.47      360847018611226.8      246591091902678.88
0.6731      218105739032064.25      328386539257365.3      174205310953121.62      392821071308230.3      268371393863970.2
0.725      234868181638159.5      353367310776152.2      187998788408912.25      422926853308405.5      289016743908080.1
0.7769      250497751000994.75      376670638395807.8      200226990191221.66      451274214099701.56      308378955301066.25
0.8289      264823995052285.06      398674831176666.2      210830363922516.72      478164522407485.56      326201061606998.0
0.8808      277926985196536.44      419153925356621.4      220177863047464.94      502964391308576.7      343181170481657.0
0.9327      290069150765050.3      438389739958519.56      228066298054932.75      526460403843337.6      358899169408905.5
0.9846      301108033826752.9      456457523683051.6      234986522924774.84      548331423550215.4      373506035029687.4
1.037      310673077821438.94      473049577150379.4      240740830730903.72      568251288130147.0      386656999264601.25
1.088      319554880433128.4      488875418001886.56      245995706640930.22      588050907091611.8      399460354455289.56
1.14      327210494152016.25      503288065659957.7      249595416958765.28      605027552660094.8      410882791338811.1
1.192      333648628321430.6      516579403966214.4      252510849652886.22      622058334715140.0      421446095738625.25
1.244      339449477810202.56      529307858154527.8      254385845953981.06      637669844219777.2      430863571971745.0
1.296      344468373271833.0      541508441411182.5      255295339988977.06      651931380272300.2      439132491928664.3
1.348      348693296808624.94      551832846345222.7      255862299615312.44      664908561511776.9      447033740483281.56
1.4      351934958652133.56      562411211769619.25      255843576656252.12      678088870540726.0      453949537301356.8
1.452      354603841772970.2      571899619384400.4      255230211911257.72      690769865719774.9      459933432454492.56
1.504      356964897873939.44      580351848167063.9      254323163882864.06      701591572056523.1      465656318587292.06
1.556      358532962061744.3      588469148471976.9      253445442765384.03      712004576906791.8      470524768655060.25
1.608      359466290072209.06      596271041368781.8      252108013167623.2      721356545600971.8      474584326089455.6
1.66      360343019000395.7      602512633439800.4      250726244968148.4      731027644021239.0      477878148370003.2
1.712      360639353441825.94      608510160391108.6      248699905978448.6      738382230460523.6      481026660718898.7
1.763      360674402922886.2      614098104229313.6      246737035894055.56      747260510915464.5      483829048231010.94
1.815      359908082869606.8      619049590928635.4      244740408067791.7      755339001634238.2      486158504240370.2
1.867      359159064250614.2      623813233730497.0      242478829527236.78      762507081817373.1      487835314794608.25
1.919      357939565092606.4      627812996348492.0      240267951564117.47      768803790805979.8      488893380316812.8
1.971      356278373439668.75      631661966710013.2      237610635737614.75      774266490893820.9      489897677385211.8
2.023      354671195197642.06      634798926065665.0      235063041678832.06      779537287346555.1      490852065667851.9
2.075      353115932228973.7      637256279786580.9      232225883566380.2      785224614725344.6      490729442335738.1
2.127      351160129337093.94      639617954113537.8      229504799230667.22      790132948365312.5      490597369978163.44
2.179      348827975258352.44      641889405638655.4      226893393068581.97      794294289482908.9      489959183922063.6
2.231      346575188855483.7      643001325742507.8      224019140263261.53      798314799576659.2      489330561602787.7
2.283      344398216248104.1      644063417175056.2      221259463689288.47      802769682435744.4      488230246492161.8
2.335      341877366566315.4      645078826571826.4      218608167676542.22      805960965834536.8      486682332116932.8
2.387      339033277558675.1      646050448740154.6      215717238726764.3      808491820904482.9      485641010171968.6
2.438      336499468777097.25      646846396481659.2      213081038881817.28      811930075980916.9      484458520317251.75
2.49      333839403459188.2      646740650454074.2      210077416831268.97      814278925043931.6      482566526871185.0
2.542      330882126068414.8      646626327718093.9      207508994702631.28      816016085901494.5      480726725722968.94
2.594      328023440287180.44      646018711619685.2      204722856886622.5      817691883315174.8      478501080559391.25
